(kicad_pcb (version 20171130) (host pcbnew "(5.1.7)-1")

  (general
    (thickness 0.8)
    (drawings 4)
    (tracks 735)
    (zones 0)
    (modules 53)
    (nets 33)
  )

  (page A4)
  (layers
    (0 F.Cu signal)
    (1 In1.Cu power hide)
    (2 In2.Cu power hide)
    (31 B.Cu signal)
    (32 B.Adhes user hide)
    (33 F.Adhes user hide)
    (34 B.Paste user hide)
    (35 F.Paste user hide)
    (36 B.SilkS user)
    (37 F.SilkS user)
    (38 B.Mask user hide)
    (39 F.Mask user hide)
    (40 Dwgs.User user hide)
    (41 Cmts.User user hide)
    (42 Eco1.User user hide)
    (43 Eco2.User user)
    (44 Edge.Cuts user)
    (45 Margin user)
    (46 B.CrtYd user)
    (47 F.CrtYd user)
    (48 B.Fab user hide)
    (49 F.Fab user hide)
  )

  (setup
    (last_trace_width 0.146812)
    (user_trace_width 0.127)
    (user_trace_width 0.146812)
    (user_trace_width 0.45)
    (user_trace_width 0.762)
    (trace_clearance 0.2)
    (zone_clearance 0.2)
    (zone_45_only no)
    (trace_min 0.127)
    (via_size 0.8)
    (via_drill 0.4)
    (via_min_size 0.45)
    (via_min_drill 0.2)
    (user_via 0.45 0.2)
    (uvia_size 0.3)
    (uvia_drill 0.1)
    (uvias_allowed no)
    (uvia_min_size 0.2)
    (uvia_min_drill 0.1)
    (edge_width 0.05)
    (segment_width 0.2)
    (pcb_text_width 0.3)
    (pcb_text_size 1.5 1.5)
    (mod_edge_width 0.12)
    (mod_text_size 1 1)
    (mod_text_width 0.15)
    (pad_size 1.524 1.524)
    (pad_drill 0.762)
    (pad_to_mask_clearance 0)
    (aux_axis_origin 0 0)
    (visible_elements 7FFFF7FF)
    (pcbplotparams
      (layerselection 0x010fc_ffffffff)
      (usegerberextensions false)
      (usegerberattributes true)
      (usegerberadvancedattributes true)
      (creategerberjobfile true)
      (excludeedgelayer true)
      (linewidth 0.100000)
      (plotframeref false)
      (viasonmask false)
      (mode 1)
      (useauxorigin false)
      (hpglpennumber 1)
      (hpglpenspeed 20)
      (hpglpendiameter 15.000000)
      (psnegative false)
      (psa4output false)
      (plotreference true)
      (plotvalue true)
      (plotinvisibletext false)
      (padsonsilk false)
      (subtractmaskfromsilk false)
      (outputformat 1)
      (mirror false)
      (drillshape 1)
      (scaleselection 1)
      (outputdirectory ""))
  )

  (net 0 "")
  (net 1 GND)
  (net 2 +15V)
  (net 3 +9V)
  (net 4 ROAO)
  (net 5 "Net-(IC1-Pad5)")
  (net 6 GOAO)
  (net 7 "Net-(IC2-Pad5)")
  (net 8 BOAO)
  (net 9 "Net-(IC3-Pad5)")
  (net 10 VSENSE)
  (net 11 SS)
  (net 12 COMP)
  (net 13 PH)
  (net 14 BOOT)
  (net 15 COMP_1)
  (net 16 VO)
  (net 17 EN)
  (net 18 ROA+IN)
  (net 19 ROA-IN)
  (net 20 GOA+IN)
  (net 21 GOA-IN)
  (net 22 BOA+IN)
  (net 23 BOA-IN)
  (net 24 RIN)
  (net 25 RLO)
  (net 26 GIN)
  (net 27 GLO)
  (net 28 BIN)
  (net 29 BLO)
  (net 30 RQO)
  (net 31 GQO)
  (net 32 BQO)

  (net_class Default "This is the default net class."
    (clearance 0.2)
    (trace_width 0.25)
    (via_dia 0.8)
    (via_drill 0.4)
    (uvia_dia 0.3)
    (uvia_drill 0.1)
    (add_net +15V)
    (add_net +9V)
    (add_net BIN)
    (add_net BLO)
    (add_net BOA+IN)
    (add_net BOA-IN)
    (add_net BOAO)
    (add_net BOOT)
    (add_net BQO)
    (add_net COMP)
    (add_net COMP_1)
    (add_net EN)
    (add_net GIN)
    (add_net GLO)
    (add_net GND)
    (add_net GOA+IN)
    (add_net GOA-IN)
    (add_net GOAO)
    (add_net GQO)
    (add_net "Net-(IC1-Pad5)")
    (add_net "Net-(IC2-Pad5)")
    (add_net "Net-(IC3-Pad5)")
    (add_net PH)
    (add_net RIN)
    (add_net RLO)
    (add_net ROA+IN)
    (add_net ROA-IN)
    (add_net ROAO)
    (add_net RQO)
    (add_net SS)
    (add_net VO)
    (add_net VSENSE)
  )

  (module Package_SO:SOIC-8_3.9x4.9mm_P1.27mm (layer B.Cu) (tedit 5D9F72B1) (tstamp 60DE8DD2)
    (at 255.431 35.47 180)
    (descr "SOIC, 8 Pin (JEDEC MS-012AA, https://www.analog.com/media/en/package-pcb-resources/package/pkg_pdf/soic_narrow-r/r_8.pdf), generated with kicad-footprint-generator ipc_gullwing_generator.py")
    (tags "SOIC SO")
    (path /60EA0AF4)
    (attr smd)
    (fp_text reference U1 (at 0 3.4) (layer B.SilkS)
      (effects (font (size 1 1) (thickness 0.15)) (justify mirror))
    )
    (fp_text value TPS54331GDR (at 0 -3.4) (layer B.Fab)
      (effects (font (size 1 1) (thickness 0.15)) (justify mirror))
    )
    (fp_line (start 3.7 2.7) (end -3.7 2.7) (layer B.CrtYd) (width 0.05))
    (fp_line (start 3.7 -2.7) (end 3.7 2.7) (layer B.CrtYd) (width 0.05))
    (fp_line (start -3.7 -2.7) (end 3.7 -2.7) (layer B.CrtYd) (width 0.05))
    (fp_line (start -3.7 2.7) (end -3.7 -2.7) (layer B.CrtYd) (width 0.05))
    (fp_line (start -1.95 1.475) (end -0.975 2.45) (layer B.Fab) (width 0.1))
    (fp_line (start -1.95 -2.45) (end -1.95 1.475) (layer B.Fab) (width 0.1))
    (fp_line (start 1.95 -2.45) (end -1.95 -2.45) (layer B.Fab) (width 0.1))
    (fp_line (start 1.95 2.45) (end 1.95 -2.45) (layer B.Fab) (width 0.1))
    (fp_line (start -0.975 2.45) (end 1.95 2.45) (layer B.Fab) (width 0.1))
    (fp_line (start 0 2.56) (end -3.45 2.56) (layer B.SilkS) (width 0.12))
    (fp_line (start 0 2.56) (end 1.95 2.56) (layer B.SilkS) (width 0.12))
    (fp_line (start 0 -2.56) (end -1.95 -2.56) (layer B.SilkS) (width 0.12))
    (fp_line (start 0 -2.56) (end 1.95 -2.56) (layer B.SilkS) (width 0.12))
    (fp_text user %R (at 0 0) (layer B.Fab)
      (effects (font (size 0.98 0.98) (thickness 0.15)) (justify mirror))
    )
    (pad 8 smd roundrect (at 2.475 1.905 180) (size 1.95 0.6) (layers B.Cu B.Paste B.Mask) (roundrect_rratio 0.25)
      (net 13 PH))
    (pad 7 smd roundrect (at 2.475 0.635 180) (size 1.95 0.6) (layers B.Cu B.Paste B.Mask) (roundrect_rratio 0.25)
      (net 1 GND))
    (pad 6 smd roundrect (at 2.475 -0.635 180) (size 1.95 0.6) (layers B.Cu B.Paste B.Mask) (roundrect_rratio 0.25)
      (net 12 COMP))
    (pad 5 smd roundrect (at 2.475 -1.905 180) (size 1.95 0.6) (layers B.Cu B.Paste B.Mask) (roundrect_rratio 0.25)
      (net 10 VSENSE))
    (pad 4 smd roundrect (at -2.475 -1.905 180) (size 1.95 0.6) (layers B.Cu B.Paste B.Mask) (roundrect_rratio 0.25)
      (net 11 SS))
    (pad 3 smd roundrect (at -2.475 -0.635 180) (size 1.95 0.6) (layers B.Cu B.Paste B.Mask) (roundrect_rratio 0.25)
      (net 17 EN))
    (pad 2 smd roundrect (at -2.475 0.635 180) (size 1.95 0.6) (layers B.Cu B.Paste B.Mask) (roundrect_rratio 0.25)
      (net 2 +15V))
    (pad 1 smd roundrect (at -2.475 1.905 180) (size 1.95 0.6) (layers B.Cu B.Paste B.Mask) (roundrect_rratio 0.25)
      (net 14 BOOT))
    (model ${KISYS3DMOD}/Package_SO.3dshapes/SOIC-8_3.9x4.9mm_P1.27mm.wrl
      (at (xyz 0 0 0))
      (scale (xyz 1 1 1))
      (rotate (xyz 0 0 0))
    )
  )

  (module SamacSys_Parts:DualGangPotAmazon (layer F.Cu) (tedit 60DE2420) (tstamp 60DE8DB8)
    (at 253.456 56.398 90)
    (path /60E84C72)
    (fp_text reference RV3 (at 0 -10 90) (layer F.SilkS)
      (effects (font (size 1 1) (thickness 0.15)))
    )
    (fp_text value 1k (at 0 -15 90) (layer F.Fab)
      (effects (font (size 1 1) (thickness 0.15)))
    )
    (fp_line (start -21.5 3.25) (end -4.5 3.25) (layer F.SilkS) (width 0.12))
    (fp_line (start -21.5 -3.25) (end -4.5 -3.25) (layer F.SilkS) (width 0.12))
    (fp_line (start -21.5 -3.25) (end -21.5 3.25) (layer F.SilkS) (width 0.12))
    (fp_line (start 4.5 9.25) (end -4.5 9.25) (layer F.SilkS) (width 0.12))
    (fp_line (start -4.5 -9.25) (end 4.5 -9.25) (layer F.SilkS) (width 0.12))
    (fp_line (start -4.5 0) (end -4.5 9.25) (layer F.SilkS) (width 0.12))
    (fp_line (start -4.5 -9.25) (end -4.5 0) (layer F.SilkS) (width 0.12))
    (fp_line (start 4.5 0) (end 4.5 9.25) (layer F.SilkS) (width 0.12))
    (fp_line (start 4.5 -9.25) (end 4.5 0) (layer F.SilkS) (width 0.12))
    (pad 6 thru_hole oval (at 3 -5 90) (size 1.4 1.8) (drill oval 0.8 1.2) (layers *.Cu *.Mask)
      (net 23 BOA-IN))
    (pad 5 thru_hole oval (at 3 0 90) (size 1.4 1.8) (drill oval 0.8 1.2) (layers *.Cu *.Mask)
      (net 23 BOA-IN))
    (pad 4 thru_hole oval (at 3 5 90) (size 1.4 1.8) (drill oval 0.8 1.2) (layers *.Cu *.Mask)
      (net 32 BQO))
    (pad 3 thru_hole oval (at -3 5 90) (size 1.4 1.8) (drill oval 0.8 1.2) (layers *.Cu *.Mask)
      (net 29 BLO))
    (pad 2 thru_hole oval (at -3 0 90) (size 1.4 1.8) (drill oval 0.8 1.2) (layers *.Cu *.Mask)
      (net 22 BOA+IN))
    (pad 1 thru_hole oval (at -3 -5 90) (size 1.4 1.8) (drill oval 0.8 1.2) (layers *.Cu *.Mask)
      (net 22 BOA+IN))
  )

  (module SamacSys_Parts:DualGangPotAmazon (layer F.Cu) (tedit 60DE2420) (tstamp 60DE8DA5)
    (at 234.377 56.399 90)
    (path /60E617B4)
    (fp_text reference RV2 (at 0 -10 90) (layer F.SilkS)
      (effects (font (size 1 1) (thickness 0.15)))
    )
    (fp_text value 1k (at 0 -15 90) (layer F.Fab)
      (effects (font (size 1 1) (thickness 0.15)))
    )
    (fp_line (start -21.5 3.25) (end -4.5 3.25) (layer F.SilkS) (width 0.12))
    (fp_line (start -21.5 -3.25) (end -4.5 -3.25) (layer F.SilkS) (width 0.12))
    (fp_line (start -21.5 -3.25) (end -21.5 3.25) (layer F.SilkS) (width 0.12))
    (fp_line (start 4.5 9.25) (end -4.5 9.25) (layer F.SilkS) (width 0.12))
    (fp_line (start -4.5 -9.25) (end 4.5 -9.25) (layer F.SilkS) (width 0.12))
    (fp_line (start -4.5 0) (end -4.5 9.25) (layer F.SilkS) (width 0.12))
    (fp_line (start -4.5 -9.25) (end -4.5 0) (layer F.SilkS) (width 0.12))
    (fp_line (start 4.5 0) (end 4.5 9.25) (layer F.SilkS) (width 0.12))
    (fp_line (start 4.5 -9.25) (end 4.5 0) (layer F.SilkS) (width 0.12))
    (pad 6 thru_hole oval (at 3 -5 90) (size 1.4 1.8) (drill oval 0.8 1.2) (layers *.Cu *.Mask)
      (net 21 GOA-IN))
    (pad 5 thru_hole oval (at 3 0 90) (size 1.4 1.8) (drill oval 0.8 1.2) (layers *.Cu *.Mask)
      (net 21 GOA-IN))
    (pad 4 thru_hole oval (at 3 5 90) (size 1.4 1.8) (drill oval 0.8 1.2) (layers *.Cu *.Mask)
      (net 31 GQO))
    (pad 3 thru_hole oval (at -3 5 90) (size 1.4 1.8) (drill oval 0.8 1.2) (layers *.Cu *.Mask)
      (net 27 GLO))
    (pad 2 thru_hole oval (at -3 0 90) (size 1.4 1.8) (drill oval 0.8 1.2) (layers *.Cu *.Mask)
      (net 20 GOA+IN))
    (pad 1 thru_hole oval (at -3 -5 90) (size 1.4 1.8) (drill oval 0.8 1.2) (layers *.Cu *.Mask)
      (net 20 GOA+IN))
  )

  (module SamacSys_Parts:DualGangPotAmazon (layer F.Cu) (tedit 60DE2420) (tstamp 60DE8D92)
    (at 215.324 56.425 90)
    (path /60DDA5AF)
    (fp_text reference RV1 (at 0 -10 90) (layer F.SilkS)
      (effects (font (size 1 1) (thickness 0.15)))
    )
    (fp_text value 1k (at 0 -15 90) (layer F.Fab)
      (effects (font (size 1 1) (thickness 0.15)))
    )
    (fp_line (start -21.5 3.25) (end -4.5 3.25) (layer F.SilkS) (width 0.12))
    (fp_line (start -21.5 -3.25) (end -4.5 -3.25) (layer F.SilkS) (width 0.12))
    (fp_line (start -21.5 -3.25) (end -21.5 3.25) (layer F.SilkS) (width 0.12))
    (fp_line (start 4.5 9.25) (end -4.5 9.25) (layer F.SilkS) (width 0.12))
    (fp_line (start -4.5 -9.25) (end 4.5 -9.25) (layer F.SilkS) (width 0.12))
    (fp_line (start -4.5 0) (end -4.5 9.25) (layer F.SilkS) (width 0.12))
    (fp_line (start -4.5 -9.25) (end -4.5 0) (layer F.SilkS) (width 0.12))
    (fp_line (start 4.5 0) (end 4.5 9.25) (layer F.SilkS) (width 0.12))
    (fp_line (start 4.5 -9.25) (end 4.5 0) (layer F.SilkS) (width 0.12))
    (pad 6 thru_hole oval (at 3 -5 90) (size 1.4 1.8) (drill oval 0.8 1.2) (layers *.Cu *.Mask)
      (net 19 ROA-IN))
    (pad 5 thru_hole oval (at 3 0 90) (size 1.4 1.8) (drill oval 0.8 1.2) (layers *.Cu *.Mask)
      (net 19 ROA-IN))
    (pad 4 thru_hole oval (at 3 5 90) (size 1.4 1.8) (drill oval 0.8 1.2) (layers *.Cu *.Mask)
      (net 30 RQO))
    (pad 3 thru_hole oval (at -3 5 90) (size 1.4 1.8) (drill oval 0.8 1.2) (layers *.Cu *.Mask)
      (net 25 RLO))
    (pad 2 thru_hole oval (at -3 0 90) (size 1.4 1.8) (drill oval 0.8 1.2) (layers *.Cu *.Mask)
      (net 18 ROA+IN))
    (pad 1 thru_hole oval (at -3 -5 90) (size 1.4 1.8) (drill oval 0.8 1.2) (layers *.Cu *.Mask)
      (net 18 ROA+IN))
  )

  (module Resistor_SMD:R_0402_1005Metric_Pad0.72x0.64mm_HandSolder (layer B.Cu) (tedit 5F6BB9E0) (tstamp 60DE8D7F)
    (at 258.445 56.388 270)
    (descr "Resistor SMD 0402 (1005 Metric), square (rectangular) end terminal, IPC_7351 nominal with elongated pad for handsoldering. (Body size source: IPC-SM-782 page 72, https://www.pcb-3d.com/wordpress/wp-content/uploads/ipc-sm-782a_amendment_1_and_2.pdf), generated with kicad-footprint-generator")
    (tags "resistor handsolder")
    (path /60E84C7E)
    (attr smd)
    (fp_text reference R14 (at 0 1.17 270) (layer B.SilkS)
      (effects (font (size 1 1) (thickness 0.15)) (justify mirror))
    )
    (fp_text value .1 (at -0.464101 -1.433259 270) (layer B.Fab)
      (effects (font (size 1 1) (thickness 0.15)) (justify mirror))
    )
    (fp_line (start 1.1 -0.47) (end -1.1 -0.47) (layer B.CrtYd) (width 0.05))
    (fp_line (start 1.1 0.47) (end 1.1 -0.47) (layer B.CrtYd) (width 0.05))
    (fp_line (start -1.1 0.47) (end 1.1 0.47) (layer B.CrtYd) (width 0.05))
    (fp_line (start -1.1 -0.47) (end -1.1 0.47) (layer B.CrtYd) (width 0.05))
    (fp_line (start -0.167621 -0.38) (end 0.167621 -0.38) (layer B.SilkS) (width 0.12))
    (fp_line (start -0.167621 0.38) (end 0.167621 0.38) (layer B.SilkS) (width 0.12))
    (fp_line (start 0.525 -0.27) (end -0.525 -0.27) (layer B.Fab) (width 0.1))
    (fp_line (start 0.525 0.27) (end 0.525 -0.27) (layer B.Fab) (width 0.1))
    (fp_line (start -0.525 0.27) (end 0.525 0.27) (layer B.Fab) (width 0.1))
    (fp_line (start -0.525 -0.27) (end -0.525 0.27) (layer B.Fab) (width 0.1))
    (fp_text user %R (at 0 0 270) (layer B.Fab)
      (effects (font (size 0.26 0.26) (thickness 0.04)) (justify mirror))
    )
    (pad 2 smd roundrect (at 0.5975 0 270) (size 0.715 0.64) (layers B.Cu B.Paste B.Mask) (roundrect_rratio 0.25)
      (net 29 BLO))
    (pad 1 smd roundrect (at -0.5975 0 270) (size 0.715 0.64) (layers B.Cu B.Paste B.Mask) (roundrect_rratio 0.25)
      (net 32 BQO))
    (model ${KISYS3DMOD}/Resistor_SMD.3dshapes/R_0402_1005Metric.wrl
      (at (xyz 0 0 0))
      (scale (xyz 1 1 1))
      (rotate (xyz 0 0 0))
    )
  )

  (module Resistor_SMD:R_0402_1005Metric_Pad0.72x0.64mm_HandSolder (layer F.Cu) (tedit 5F6BB9E0) (tstamp 60DE8D6E)
    (at 213.233 48.895)
    (descr "Resistor SMD 0402 (1005 Metric), square (rectangular) end terminal, IPC_7351 nominal with elongated pad for handsoldering. (Body size source: IPC-SM-782 page 72, https://www.pcb-3d.com/wordpress/wp-content/uploads/ipc-sm-782a_amendment_1_and_2.pdf), generated with kicad-footprint-generator")
    (tags "resistor handsolder")
    (path /60E84C84)
    (attr smd)
    (fp_text reference R13 (at 0.127 1.143) (layer F.SilkS)
      (effects (font (size 1 1) (thickness 0.15)))
    )
    (fp_text value 100k (at 0 1.17) (layer F.Fab)
      (effects (font (size 1 1) (thickness 0.15)))
    )
    (fp_line (start 1.1 0.47) (end -1.1 0.47) (layer F.CrtYd) (width 0.05))
    (fp_line (start 1.1 -0.47) (end 1.1 0.47) (layer F.CrtYd) (width 0.05))
    (fp_line (start -1.1 -0.47) (end 1.1 -0.47) (layer F.CrtYd) (width 0.05))
    (fp_line (start -1.1 0.47) (end -1.1 -0.47) (layer F.CrtYd) (width 0.05))
    (fp_line (start -0.167621 0.38) (end 0.167621 0.38) (layer F.SilkS) (width 0.12))
    (fp_line (start -0.167621 -0.38) (end 0.167621 -0.38) (layer F.SilkS) (width 0.12))
    (fp_line (start 0.525 0.27) (end -0.525 0.27) (layer F.Fab) (width 0.1))
    (fp_line (start 0.525 -0.27) (end 0.525 0.27) (layer F.Fab) (width 0.1))
    (fp_line (start -0.525 -0.27) (end 0.525 -0.27) (layer F.Fab) (width 0.1))
    (fp_line (start -0.525 0.27) (end -0.525 -0.27) (layer F.Fab) (width 0.1))
    (fp_text user %R (at 0 0) (layer F.Fab)
      (effects (font (size 0.26 0.26) (thickness 0.04)))
    )
    (pad 2 smd roundrect (at 0.5975 0) (size 0.715 0.64) (layers F.Cu F.Paste F.Mask) (roundrect_rratio 0.25)
      (net 22 BOA+IN))
    (pad 1 smd roundrect (at -0.5975 0) (size 0.715 0.64) (layers F.Cu F.Paste F.Mask) (roundrect_rratio 0.25)
      (net 28 BIN))
    (model ${KISYS3DMOD}/Resistor_SMD.3dshapes/R_0402_1005Metric.wrl
      (at (xyz 0 0 0))
      (scale (xyz 1 1 1))
      (rotate (xyz 0 0 0))
    )
  )

  (module Resistor_SMD:R_0402_1005Metric_Pad0.72x0.64mm_HandSolder (layer F.Cu) (tedit 5F6BB9E0) (tstamp 60DE8D5D)
    (at 213.233 47.625)
    (descr "Resistor SMD 0402 (1005 Metric), square (rectangular) end terminal, IPC_7351 nominal with elongated pad for handsoldering. (Body size source: IPC-SM-782 page 72, https://www.pcb-3d.com/wordpress/wp-content/uploads/ipc-sm-782a_amendment_1_and_2.pdf), generated with kicad-footprint-generator")
    (tags "resistor handsolder")
    (path /60E84C8A)
    (attr smd)
    (fp_text reference R12 (at 0.127 -1.143) (layer F.SilkS)
      (effects (font (size 1 1) (thickness 0.15)))
    )
    (fp_text value 100k (at 0 1.17) (layer F.Fab)
      (effects (font (size 1 1) (thickness 0.15)))
    )
    (fp_line (start 1.1 0.47) (end -1.1 0.47) (layer F.CrtYd) (width 0.05))
    (fp_line (start 1.1 -0.47) (end 1.1 0.47) (layer F.CrtYd) (width 0.05))
    (fp_line (start -1.1 -0.47) (end 1.1 -0.47) (layer F.CrtYd) (width 0.05))
    (fp_line (start -1.1 0.47) (end -1.1 -0.47) (layer F.CrtYd) (width 0.05))
    (fp_line (start -0.167621 0.38) (end 0.167621 0.38) (layer F.SilkS) (width 0.12))
    (fp_line (start -0.167621 -0.38) (end 0.167621 -0.38) (layer F.SilkS) (width 0.12))
    (fp_line (start 0.525 0.27) (end -0.525 0.27) (layer F.Fab) (width 0.1))
    (fp_line (start 0.525 -0.27) (end 0.525 0.27) (layer F.Fab) (width 0.1))
    (fp_line (start -0.525 -0.27) (end 0.525 -0.27) (layer F.Fab) (width 0.1))
    (fp_line (start -0.525 0.27) (end -0.525 -0.27) (layer F.Fab) (width 0.1))
    (fp_text user %R (at 0 0) (layer F.Fab)
      (effects (font (size 0.26 0.26) (thickness 0.04)))
    )
    (pad 2 smd roundrect (at 0.5975 0) (size 0.715 0.64) (layers F.Cu F.Paste F.Mask) (roundrect_rratio 0.25)
      (net 23 BOA-IN))
    (pad 1 smd roundrect (at -0.5975 0) (size 0.715 0.64) (layers F.Cu F.Paste F.Mask) (roundrect_rratio 0.25)
      (net 1 GND))
    (model ${KISYS3DMOD}/Resistor_SMD.3dshapes/R_0402_1005Metric.wrl
      (at (xyz 0 0 0))
      (scale (xyz 1 1 1))
      (rotate (xyz 0 0 0))
    )
  )

  (module Resistor_SMD:R_0402_1005Metric_Pad0.72x0.64mm_HandSolder (layer B.Cu) (tedit 5F6BB9E0) (tstamp 60DE8D4C)
    (at 239.395 56.261 270)
    (descr "Resistor SMD 0402 (1005 Metric), square (rectangular) end terminal, IPC_7351 nominal with elongated pad for handsoldering. (Body size source: IPC-SM-782 page 72, https://www.pcb-3d.com/wordpress/wp-content/uploads/ipc-sm-782a_amendment_1_and_2.pdf), generated with kicad-footprint-generator")
    (tags "resistor handsolder")
    (path /60E617C0)
    (attr smd)
    (fp_text reference R11 (at 0 1.17 270) (layer B.SilkS)
      (effects (font (size 1 1) (thickness 0.15)) (justify mirror))
    )
    (fp_text value .1 (at 0 -1.17 270) (layer B.Fab)
      (effects (font (size 1 1) (thickness 0.15)) (justify mirror))
    )
    (fp_line (start 1.1 -0.47) (end -1.1 -0.47) (layer B.CrtYd) (width 0.05))
    (fp_line (start 1.1 0.47) (end 1.1 -0.47) (layer B.CrtYd) (width 0.05))
    (fp_line (start -1.1 0.47) (end 1.1 0.47) (layer B.CrtYd) (width 0.05))
    (fp_line (start -1.1 -0.47) (end -1.1 0.47) (layer B.CrtYd) (width 0.05))
    (fp_line (start -0.167621 -0.38) (end 0.167621 -0.38) (layer B.SilkS) (width 0.12))
    (fp_line (start -0.167621 0.38) (end 0.167621 0.38) (layer B.SilkS) (width 0.12))
    (fp_line (start 0.525 -0.27) (end -0.525 -0.27) (layer B.Fab) (width 0.1))
    (fp_line (start 0.525 0.27) (end 0.525 -0.27) (layer B.Fab) (width 0.1))
    (fp_line (start -0.525 0.27) (end 0.525 0.27) (layer B.Fab) (width 0.1))
    (fp_line (start -0.525 -0.27) (end -0.525 0.27) (layer B.Fab) (width 0.1))
    (fp_text user %R (at 0 0 270) (layer B.Fab)
      (effects (font (size 0.26 0.26) (thickness 0.04)) (justify mirror))
    )
    (pad 2 smd roundrect (at 0.5975 0 270) (size 0.715 0.64) (layers B.Cu B.Paste B.Mask) (roundrect_rratio 0.25)
      (net 27 GLO))
    (pad 1 smd roundrect (at -0.5975 0 270) (size 0.715 0.64) (layers B.Cu B.Paste B.Mask) (roundrect_rratio 0.25)
      (net 31 GQO))
    (model ${KISYS3DMOD}/Resistor_SMD.3dshapes/R_0402_1005Metric.wrl
      (at (xyz 0 0 0))
      (scale (xyz 1 1 1))
      (rotate (xyz 0 0 0))
    )
  )

  (module Resistor_SMD:R_0402_1005Metric_Pad0.72x0.64mm_HandSolder (layer F.Cu) (tedit 5F6BB9E0) (tstamp 60DE8D3B)
    (at 212.979 40.513)
    (descr "Resistor SMD 0402 (1005 Metric), square (rectangular) end terminal, IPC_7351 nominal with elongated pad for handsoldering. (Body size source: IPC-SM-782 page 72, https://www.pcb-3d.com/wordpress/wp-content/uploads/ipc-sm-782a_amendment_1_and_2.pdf), generated with kicad-footprint-generator")
    (tags "resistor handsolder")
    (path /60E617C6)
    (attr smd)
    (fp_text reference R10 (at 0 1.27) (layer F.SilkS)
      (effects (font (size 1 1) (thickness 0.15)))
    )
    (fp_text value 100k (at 0 1.17) (layer F.Fab)
      (effects (font (size 1 1) (thickness 0.15)))
    )
    (fp_line (start 1.1 0.47) (end -1.1 0.47) (layer F.CrtYd) (width 0.05))
    (fp_line (start 1.1 -0.47) (end 1.1 0.47) (layer F.CrtYd) (width 0.05))
    (fp_line (start -1.1 -0.47) (end 1.1 -0.47) (layer F.CrtYd) (width 0.05))
    (fp_line (start -1.1 0.47) (end -1.1 -0.47) (layer F.CrtYd) (width 0.05))
    (fp_line (start -0.167621 0.38) (end 0.167621 0.38) (layer F.SilkS) (width 0.12))
    (fp_line (start -0.167621 -0.38) (end 0.167621 -0.38) (layer F.SilkS) (width 0.12))
    (fp_line (start 0.525 0.27) (end -0.525 0.27) (layer F.Fab) (width 0.1))
    (fp_line (start 0.525 -0.27) (end 0.525 0.27) (layer F.Fab) (width 0.1))
    (fp_line (start -0.525 -0.27) (end 0.525 -0.27) (layer F.Fab) (width 0.1))
    (fp_line (start -0.525 0.27) (end -0.525 -0.27) (layer F.Fab) (width 0.1))
    (fp_text user %R (at 0 0) (layer F.Fab)
      (effects (font (size 0.26 0.26) (thickness 0.04)))
    )
    (pad 2 smd roundrect (at 0.5975 0) (size 0.715 0.64) (layers F.Cu F.Paste F.Mask) (roundrect_rratio 0.25)
      (net 20 GOA+IN))
    (pad 1 smd roundrect (at -0.5975 0) (size 0.715 0.64) (layers F.Cu F.Paste F.Mask) (roundrect_rratio 0.25)
      (net 26 GIN))
    (model ${KISYS3DMOD}/Resistor_SMD.3dshapes/R_0402_1005Metric.wrl
      (at (xyz 0 0 0))
      (scale (xyz 1 1 1))
      (rotate (xyz 0 0 0))
    )
  )

  (module Resistor_SMD:R_0402_1005Metric_Pad0.72x0.64mm_HandSolder (layer F.Cu) (tedit 5F6BB9E0) (tstamp 60DE8D2A)
    (at 212.979 39.243)
    (descr "Resistor SMD 0402 (1005 Metric), square (rectangular) end terminal, IPC_7351 nominal with elongated pad for handsoldering. (Body size source: IPC-SM-782 page 72, https://www.pcb-3d.com/wordpress/wp-content/uploads/ipc-sm-782a_amendment_1_and_2.pdf), generated with kicad-footprint-generator")
    (tags "resistor handsolder")
    (path /60E617CC)
    (attr smd)
    (fp_text reference R9 (at 0 -1.17) (layer F.SilkS)
      (effects (font (size 1 1) (thickness 0.15)))
    )
    (fp_text value 100k (at 0 1.17) (layer F.Fab)
      (effects (font (size 1 1) (thickness 0.15)))
    )
    (fp_line (start 1.1 0.47) (end -1.1 0.47) (layer F.CrtYd) (width 0.05))
    (fp_line (start 1.1 -0.47) (end 1.1 0.47) (layer F.CrtYd) (width 0.05))
    (fp_line (start -1.1 -0.47) (end 1.1 -0.47) (layer F.CrtYd) (width 0.05))
    (fp_line (start -1.1 0.47) (end -1.1 -0.47) (layer F.CrtYd) (width 0.05))
    (fp_line (start -0.167621 0.38) (end 0.167621 0.38) (layer F.SilkS) (width 0.12))
    (fp_line (start -0.167621 -0.38) (end 0.167621 -0.38) (layer F.SilkS) (width 0.12))
    (fp_line (start 0.525 0.27) (end -0.525 0.27) (layer F.Fab) (width 0.1))
    (fp_line (start 0.525 -0.27) (end 0.525 0.27) (layer F.Fab) (width 0.1))
    (fp_line (start -0.525 -0.27) (end 0.525 -0.27) (layer F.Fab) (width 0.1))
    (fp_line (start -0.525 0.27) (end -0.525 -0.27) (layer F.Fab) (width 0.1))
    (fp_text user %R (at 0 0) (layer F.Fab)
      (effects (font (size 0.26 0.26) (thickness 0.04)))
    )
    (pad 2 smd roundrect (at 0.5975 0) (size 0.715 0.64) (layers F.Cu F.Paste F.Mask) (roundrect_rratio 0.25)
      (net 21 GOA-IN))
    (pad 1 smd roundrect (at -0.5975 0) (size 0.715 0.64) (layers F.Cu F.Paste F.Mask) (roundrect_rratio 0.25)
      (net 1 GND))
    (model ${KISYS3DMOD}/Resistor_SMD.3dshapes/R_0402_1005Metric.wrl
      (at (xyz 0 0 0))
      (scale (xyz 1 1 1))
      (rotate (xyz 0 0 0))
    )
  )

  (module Resistor_SMD:R_0603_1608Metric_Pad0.98x0.95mm_HandSolder (layer B.Cu) (tedit 5F68FEEE) (tstamp 60DE8D19)
    (at 248.434 36.946 90)
    (descr "Resistor SMD 0603 (1608 Metric), square (rectangular) end terminal, IPC_7351 nominal with elongated pad for handsoldering. (Body size source: IPC-SM-782 page 72, https://www.pcb-3d.com/wordpress/wp-content/uploads/ipc-sm-782a_amendment_1_and_2.pdf), generated with kicad-footprint-generator")
    (tags "resistor handsolder")
    (path /60F91F18)
    (attr smd)
    (fp_text reference R8 (at 0 1.43 270) (layer B.SilkS)
      (effects (font (size 1 1) (thickness 0.15)) (justify mirror))
    )
    (fp_text value 1k (at 0 -1.43 270) (layer B.Fab)
      (effects (font (size 1 1) (thickness 0.15)) (justify mirror))
    )
    (fp_line (start 1.65 -0.73) (end -1.65 -0.73) (layer B.CrtYd) (width 0.05))
    (fp_line (start 1.65 0.73) (end 1.65 -0.73) (layer B.CrtYd) (width 0.05))
    (fp_line (start -1.65 0.73) (end 1.65 0.73) (layer B.CrtYd) (width 0.05))
    (fp_line (start -1.65 -0.73) (end -1.65 0.73) (layer B.CrtYd) (width 0.05))
    (fp_line (start -0.254724 -0.5225) (end 0.254724 -0.5225) (layer B.SilkS) (width 0.12))
    (fp_line (start -0.254724 0.5225) (end 0.254724 0.5225) (layer B.SilkS) (width 0.12))
    (fp_line (start 0.8 -0.4125) (end -0.8 -0.4125) (layer B.Fab) (width 0.1))
    (fp_line (start 0.8 0.4125) (end 0.8 -0.4125) (layer B.Fab) (width 0.1))
    (fp_line (start -0.8 0.4125) (end 0.8 0.4125) (layer B.Fab) (width 0.1))
    (fp_line (start -0.8 -0.4125) (end -0.8 0.4125) (layer B.Fab) (width 0.1))
    (fp_text user %R (at 0 0 270) (layer B.Fab)
      (effects (font (size 0.4 0.4) (thickness 0.06)) (justify mirror))
    )
    (pad 2 smd roundrect (at 0.9125 0 90) (size 0.975 0.95) (layers B.Cu B.Paste B.Mask) (roundrect_rratio 0.25)
      (net 1 GND))
    (pad 1 smd roundrect (at -0.9125 0 90) (size 0.975 0.95) (layers B.Cu B.Paste B.Mask) (roundrect_rratio 0.25)
      (net 10 VSENSE))
    (model ${KISYS3DMOD}/Resistor_SMD.3dshapes/R_0603_1608Metric.wrl
      (at (xyz 0 0 0))
      (scale (xyz 1 1 1))
      (rotate (xyz 0 0 0))
    )
  )

  (module Resistor_SMD:R_0805_2012Metric_Pad1.20x1.40mm_HandSolder (layer B.Cu) (tedit 5F68FEEE) (tstamp 60DE8D08)
    (at 245.621 37.32)
    (descr "Resistor SMD 0805 (2012 Metric), square (rectangular) end terminal, IPC_7351 nominal with elongated pad for handsoldering. (Body size source: IPC-SM-782 page 72, https://www.pcb-3d.com/wordpress/wp-content/uploads/ipc-sm-782a_amendment_1_and_2.pdf), generated with kicad-footprint-generator")
    (tags "resistor handsolder")
    (path /60F8E915)
    (attr smd)
    (fp_text reference R7 (at 0 1.65) (layer B.SilkS)
      (effects (font (size 1 1) (thickness 0.15)) (justify mirror))
    )
    (fp_text value 10k (at 0 -1.65) (layer B.Fab)
      (effects (font (size 1 1) (thickness 0.15)) (justify mirror))
    )
    (fp_line (start 1.85 -0.95) (end -1.85 -0.95) (layer B.CrtYd) (width 0.05))
    (fp_line (start 1.85 0.95) (end 1.85 -0.95) (layer B.CrtYd) (width 0.05))
    (fp_line (start -1.85 0.95) (end 1.85 0.95) (layer B.CrtYd) (width 0.05))
    (fp_line (start -1.85 -0.95) (end -1.85 0.95) (layer B.CrtYd) (width 0.05))
    (fp_line (start -0.227064 -0.735) (end 0.227064 -0.735) (layer B.SilkS) (width 0.12))
    (fp_line (start -0.227064 0.735) (end 0.227064 0.735) (layer B.SilkS) (width 0.12))
    (fp_line (start 1 -0.625) (end -1 -0.625) (layer B.Fab) (width 0.1))
    (fp_line (start 1 0.625) (end 1 -0.625) (layer B.Fab) (width 0.1))
    (fp_line (start -1 0.625) (end 1 0.625) (layer B.Fab) (width 0.1))
    (fp_line (start -1 -0.625) (end -1 0.625) (layer B.Fab) (width 0.1))
    (fp_text user %R (at 0 0) (layer B.Fab)
      (effects (font (size 0.5 0.5) (thickness 0.08)) (justify mirror))
    )
    (pad 2 smd roundrect (at 1 0) (size 1.2 1.4) (layers B.Cu B.Paste B.Mask) (roundrect_rratio 0.208333)
      (net 10 VSENSE))
    (pad 1 smd roundrect (at -1 0) (size 1.2 1.4) (layers B.Cu B.Paste B.Mask) (roundrect_rratio 0.208333)
      (net 16 VO))
    (model ${KISYS3DMOD}/Resistor_SMD.3dshapes/R_0805_2012Metric.wrl
      (at (xyz 0 0 0))
      (scale (xyz 1 1 1))
      (rotate (xyz 0 0 0))
    )
  )

  (module Resistor_SMD:R_0402_1005Metric_Pad0.72x0.64mm_HandSolder (layer B.Cu) (tedit 5F6BB9E0) (tstamp 60DE8CF7)
    (at 220.345 56.388 270)
    (descr "Resistor SMD 0402 (1005 Metric), square (rectangular) end terminal, IPC_7351 nominal with elongated pad for handsoldering. (Body size source: IPC-SM-782 page 72, https://www.pcb-3d.com/wordpress/wp-content/uploads/ipc-sm-782a_amendment_1_and_2.pdf), generated with kicad-footprint-generator")
    (tags "resistor handsolder")
    (path /60DDFF16)
    (attr smd)
    (fp_text reference R6 (at 0 1.17 270) (layer B.SilkS)
      (effects (font (size 1 1) (thickness 0.15)) (justify mirror))
    )
    (fp_text value .1 (at 0 -1.17 270) (layer B.Fab)
      (effects (font (size 1 1) (thickness 0.15)) (justify mirror))
    )
    (fp_line (start 1.1 -0.47) (end -1.1 -0.47) (layer B.CrtYd) (width 0.05))
    (fp_line (start 1.1 0.47) (end 1.1 -0.47) (layer B.CrtYd) (width 0.05))
    (fp_line (start -1.1 0.47) (end 1.1 0.47) (layer B.CrtYd) (width 0.05))
    (fp_line (start -1.1 -0.47) (end -1.1 0.47) (layer B.CrtYd) (width 0.05))
    (fp_line (start -0.167621 -0.38) (end 0.167621 -0.38) (layer B.SilkS) (width 0.12))
    (fp_line (start -0.167621 0.38) (end 0.167621 0.38) (layer B.SilkS) (width 0.12))
    (fp_line (start 0.525 -0.27) (end -0.525 -0.27) (layer B.Fab) (width 0.1))
    (fp_line (start 0.525 0.27) (end 0.525 -0.27) (layer B.Fab) (width 0.1))
    (fp_line (start -0.525 0.27) (end 0.525 0.27) (layer B.Fab) (width 0.1))
    (fp_line (start -0.525 -0.27) (end -0.525 0.27) (layer B.Fab) (width 0.1))
    (fp_text user %R (at 0 0 270) (layer B.Fab)
      (effects (font (size 0.26 0.26) (thickness 0.04)) (justify mirror))
    )
    (pad 2 smd roundrect (at 0.5975 0 270) (size 0.715 0.64) (layers B.Cu B.Paste B.Mask) (roundrect_rratio 0.25)
      (net 25 RLO))
    (pad 1 smd roundrect (at -0.5975 0 270) (size 0.715 0.64) (layers B.Cu B.Paste B.Mask) (roundrect_rratio 0.25)
      (net 30 RQO))
    (model ${KISYS3DMOD}/Resistor_SMD.3dshapes/R_0402_1005Metric.wrl
      (at (xyz 0 0 0))
      (scale (xyz 1 1 1))
      (rotate (xyz 0 0 0))
    )
  )

  (module Resistor_SMD:R_0402_1005Metric_Pad0.72x0.64mm_HandSolder (layer B.Cu) (tedit 5F6BB9E0) (tstamp 60DE8CE6)
    (at 249.802 35.693 90)
    (descr "Resistor SMD 0402 (1005 Metric), square (rectangular) end terminal, IPC_7351 nominal with elongated pad for handsoldering. (Body size source: IPC-SM-782 page 72, https://www.pcb-3d.com/wordpress/wp-content/uploads/ipc-sm-782a_amendment_1_and_2.pdf), generated with kicad-footprint-generator")
    (tags "resistor handsolder")
    (path /60FB31FB)
    (attr smd)
    (fp_text reference R5 (at 0 1.17 270) (layer B.SilkS)
      (effects (font (size 1 1) (thickness 0.15)) (justify mirror))
    )
    (fp_text value 75k (at 0 -1.17 270) (layer B.Fab)
      (effects (font (size 1 1) (thickness 0.15)) (justify mirror))
    )
    (fp_line (start 1.1 -0.47) (end -1.1 -0.47) (layer B.CrtYd) (width 0.05))
    (fp_line (start 1.1 0.47) (end 1.1 -0.47) (layer B.CrtYd) (width 0.05))
    (fp_line (start -1.1 0.47) (end 1.1 0.47) (layer B.CrtYd) (width 0.05))
    (fp_line (start -1.1 -0.47) (end -1.1 0.47) (layer B.CrtYd) (width 0.05))
    (fp_line (start -0.167621 -0.38) (end 0.167621 -0.38) (layer B.SilkS) (width 0.12))
    (fp_line (start -0.167621 0.38) (end 0.167621 0.38) (layer B.SilkS) (width 0.12))
    (fp_line (start 0.525 -0.27) (end -0.525 -0.27) (layer B.Fab) (width 0.1))
    (fp_line (start 0.525 0.27) (end 0.525 -0.27) (layer B.Fab) (width 0.1))
    (fp_line (start -0.525 0.27) (end 0.525 0.27) (layer B.Fab) (width 0.1))
    (fp_line (start -0.525 -0.27) (end -0.525 0.27) (layer B.Fab) (width 0.1))
    (fp_text user %R (at 0 0 270) (layer B.Fab)
      (effects (font (size 0.26 0.26) (thickness 0.04)) (justify mirror))
    )
    (pad 2 smd roundrect (at 0.5975 0 90) (size 0.715 0.64) (layers B.Cu B.Paste B.Mask) (roundrect_rratio 0.25)
      (net 1 GND))
    (pad 1 smd roundrect (at -0.5975 0 90) (size 0.715 0.64) (layers B.Cu B.Paste B.Mask) (roundrect_rratio 0.25)
      (net 15 COMP_1))
    (model ${KISYS3DMOD}/Resistor_SMD.3dshapes/R_0402_1005Metric.wrl
      (at (xyz 0 0 0))
      (scale (xyz 1 1 1))
      (rotate (xyz 0 0 0))
    )
  )

  (module Resistor_SMD:R_0402_1005Metric_Pad0.72x0.64mm_HandSolder (layer B.Cu) (tedit 5F6BB9E0) (tstamp 60DE8CD5)
    (at 260.879 36.767 270)
    (descr "Resistor SMD 0402 (1005 Metric), square (rectangular) end terminal, IPC_7351 nominal with elongated pad for handsoldering. (Body size source: IPC-SM-782 page 72, https://www.pcb-3d.com/wordpress/wp-content/uploads/ipc-sm-782a_amendment_1_and_2.pdf), generated with kicad-footprint-generator")
    (tags "resistor handsolder")
    (path /611C80CB)
    (attr smd)
    (fp_text reference R4 (at 0 1.17 270) (layer B.SilkS)
      (effects (font (size 1 1) (thickness 0.15)) (justify mirror))
    )
    (fp_text value 17.8k (at 0 -1.17 270) (layer B.Fab)
      (effects (font (size 1 1) (thickness 0.15)) (justify mirror))
    )
    (fp_line (start 1.1 -0.47) (end -1.1 -0.47) (layer B.CrtYd) (width 0.05))
    (fp_line (start 1.1 0.47) (end 1.1 -0.47) (layer B.CrtYd) (width 0.05))
    (fp_line (start -1.1 0.47) (end 1.1 0.47) (layer B.CrtYd) (width 0.05))
    (fp_line (start -1.1 -0.47) (end -1.1 0.47) (layer B.CrtYd) (width 0.05))
    (fp_line (start -0.167621 -0.38) (end 0.167621 -0.38) (layer B.SilkS) (width 0.12))
    (fp_line (start -0.167621 0.38) (end 0.167621 0.38) (layer B.SilkS) (width 0.12))
    (fp_line (start 0.525 -0.27) (end -0.525 -0.27) (layer B.Fab) (width 0.1))
    (fp_line (start 0.525 0.27) (end 0.525 -0.27) (layer B.Fab) (width 0.1))
    (fp_line (start -0.525 0.27) (end 0.525 0.27) (layer B.Fab) (width 0.1))
    (fp_line (start -0.525 -0.27) (end -0.525 0.27) (layer B.Fab) (width 0.1))
    (fp_text user %R (at 0 0 270) (layer B.Fab)
      (effects (font (size 0.26 0.26) (thickness 0.04)) (justify mirror))
    )
    (pad 2 smd roundrect (at 0.5975 0 270) (size 0.715 0.64) (layers B.Cu B.Paste B.Mask) (roundrect_rratio 0.25)
      (net 1 GND))
    (pad 1 smd roundrect (at -0.5975 0 270) (size 0.715 0.64) (layers B.Cu B.Paste B.Mask) (roundrect_rratio 0.25)
      (net 17 EN))
    (model ${KISYS3DMOD}/Resistor_SMD.3dshapes/R_0402_1005Metric.wrl
      (at (xyz 0 0 0))
      (scale (xyz 1 1 1))
      (rotate (xyz 0 0 0))
    )
  )

  (module Resistor_SMD:R_0402_1005Metric_Pad0.72x0.64mm_HandSolder (layer B.Cu) (tedit 5F6BB9E0) (tstamp 60DE8CC4)
    (at 259.776 35.57 270)
    (descr "Resistor SMD 0402 (1005 Metric), square (rectangular) end terminal, IPC_7351 nominal with elongated pad for handsoldering. (Body size source: IPC-SM-782 page 72, https://www.pcb-3d.com/wordpress/wp-content/uploads/ipc-sm-782a_amendment_1_and_2.pdf), generated with kicad-footprint-generator")
    (tags "resistor handsolder")
    (path /611BF409)
    (attr smd)
    (fp_text reference R3 (at 0 1.17 270) (layer B.SilkS)
      (effects (font (size 1 1) (thickness 0.15)) (justify mirror))
    )
    (fp_text value 169k (at 0 -1.17 270) (layer B.Fab)
      (effects (font (size 1 1) (thickness 0.15)) (justify mirror))
    )
    (fp_line (start 1.1 -0.47) (end -1.1 -0.47) (layer B.CrtYd) (width 0.05))
    (fp_line (start 1.1 0.47) (end 1.1 -0.47) (layer B.CrtYd) (width 0.05))
    (fp_line (start -1.1 0.47) (end 1.1 0.47) (layer B.CrtYd) (width 0.05))
    (fp_line (start -1.1 -0.47) (end -1.1 0.47) (layer B.CrtYd) (width 0.05))
    (fp_line (start -0.167621 -0.38) (end 0.167621 -0.38) (layer B.SilkS) (width 0.12))
    (fp_line (start -0.167621 0.38) (end 0.167621 0.38) (layer B.SilkS) (width 0.12))
    (fp_line (start 0.525 -0.27) (end -0.525 -0.27) (layer B.Fab) (width 0.1))
    (fp_line (start 0.525 0.27) (end 0.525 -0.27) (layer B.Fab) (width 0.1))
    (fp_line (start -0.525 0.27) (end 0.525 0.27) (layer B.Fab) (width 0.1))
    (fp_line (start -0.525 -0.27) (end -0.525 0.27) (layer B.Fab) (width 0.1))
    (fp_text user %R (at 0 0 270) (layer B.Fab)
      (effects (font (size 0.26 0.26) (thickness 0.04)) (justify mirror))
    )
    (pad 2 smd roundrect (at 0.5975 0 270) (size 0.715 0.64) (layers B.Cu B.Paste B.Mask) (roundrect_rratio 0.25)
      (net 17 EN))
    (pad 1 smd roundrect (at -0.5975 0 270) (size 0.715 0.64) (layers B.Cu B.Paste B.Mask) (roundrect_rratio 0.25)
      (net 2 +15V))
    (model ${KISYS3DMOD}/Resistor_SMD.3dshapes/R_0402_1005Metric.wrl
      (at (xyz 0 0 0))
      (scale (xyz 1 1 1))
      (rotate (xyz 0 0 0))
    )
  )

  (module Resistor_SMD:R_0402_1005Metric_Pad0.72x0.64mm_HandSolder (layer B.Cu) (tedit 5F6BB9E0) (tstamp 60DE8CB3)
    (at 212.979 30.48)
    (descr "Resistor SMD 0402 (1005 Metric), square (rectangular) end terminal, IPC_7351 nominal with elongated pad for handsoldering. (Body size source: IPC-SM-782 page 72, https://www.pcb-3d.com/wordpress/wp-content/uploads/ipc-sm-782a_amendment_1_and_2.pdf), generated with kicad-footprint-generator")
    (tags "resistor handsolder")
    (path /60DE433D)
    (attr smd)
    (fp_text reference R2 (at -0.127 -1.778) (layer B.SilkS)
      (effects (font (size 1 1) (thickness 0.15)) (justify mirror))
    )
    (fp_text value 100k (at 0 -1.17) (layer B.Fab)
      (effects (font (size 1 1) (thickness 0.15)) (justify mirror))
    )
    (fp_line (start 1.1 -0.47) (end -1.1 -0.47) (layer B.CrtYd) (width 0.05))
    (fp_line (start 1.1 0.47) (end 1.1 -0.47) (layer B.CrtYd) (width 0.05))
    (fp_line (start -1.1 0.47) (end 1.1 0.47) (layer B.CrtYd) (width 0.05))
    (fp_line (start -1.1 -0.47) (end -1.1 0.47) (layer B.CrtYd) (width 0.05))
    (fp_line (start -0.167621 -0.38) (end 0.167621 -0.38) (layer B.SilkS) (width 0.12))
    (fp_line (start -0.167621 0.38) (end 0.167621 0.38) (layer B.SilkS) (width 0.12))
    (fp_line (start 0.525 -0.27) (end -0.525 -0.27) (layer B.Fab) (width 0.1))
    (fp_line (start 0.525 0.27) (end 0.525 -0.27) (layer B.Fab) (width 0.1))
    (fp_line (start -0.525 0.27) (end 0.525 0.27) (layer B.Fab) (width 0.1))
    (fp_line (start -0.525 -0.27) (end -0.525 0.27) (layer B.Fab) (width 0.1))
    (fp_text user %R (at 0 0) (layer B.Fab)
      (effects (font (size 0.26 0.26) (thickness 0.04)) (justify mirror))
    )
    (pad 2 smd roundrect (at 0.5975 0) (size 0.715 0.64) (layers B.Cu B.Paste B.Mask) (roundrect_rratio 0.25)
      (net 18 ROA+IN))
    (pad 1 smd roundrect (at -0.5975 0) (size 0.715 0.64) (layers B.Cu B.Paste B.Mask) (roundrect_rratio 0.25)
      (net 24 RIN))
    (model ${KISYS3DMOD}/Resistor_SMD.3dshapes/R_0402_1005Metric.wrl
      (at (xyz 0 0 0))
      (scale (xyz 1 1 1))
      (rotate (xyz 0 0 0))
    )
  )

  (module Resistor_SMD:R_0402_1005Metric_Pad0.72x0.64mm_HandSolder (layer B.Cu) (tedit 5F6BB9E0) (tstamp 60DE8CA2)
    (at 212.979 31.75)
    (descr "Resistor SMD 0402 (1005 Metric), square (rectangular) end terminal, IPC_7351 nominal with elongated pad for handsoldering. (Body size source: IPC-SM-782 page 72, https://www.pcb-3d.com/wordpress/wp-content/uploads/ipc-sm-782a_amendment_1_and_2.pdf), generated with kicad-footprint-generator")
    (tags "resistor handsolder")
    (path /60DE4343)
    (attr smd)
    (fp_text reference R1 (at 0 1.17) (layer B.SilkS)
      (effects (font (size 1 1) (thickness 0.15)) (justify mirror))
    )
    (fp_text value 100k (at 0 -1.17) (layer B.Fab)
      (effects (font (size 1 1) (thickness 0.15)) (justify mirror))
    )
